33
611
23
21
26
15
15
26
18
666
23
604
22
27
25
25
15
17
27
648
27
27
20
34
20
18
22
39
961
15
600
30
25
37
17
12
28
19
21
26
32
18
21
23
12
25
18
38
19
24
18
22
31
975
21
25
16
26
25
20
23
17
40
1554
21
17
23
12
15
19
23
22
21
1605
29
32
22
25
27
32
24
23
22
1553
618
24
15
10
19
26
27
17
18
2482
22
40
26
22
27
24
17
23
19
1550
25
15
24
21
12
13
41
589
25
24
26
21
34
41
17
601
38
16
26
21
22
21
23
18
989
23
31
31
20
14
21
24
25
19
1561
18
22
16
20
19
9
18
21
26
1614
13
21
31
35
22
11
14
21
23
1594
30
19
23
17
26
23
13
44
10
1567
29
14
12
20
14
21
26
22
22
1621
620
32
25
18
27
17
11
24
11
979
29
15
23
13
26
18
19
24
24
1597
19
27
14
15
15
33
15
19
16
3074
616
12
17
17
19
16
23
19
22
1023
26
23
21
15
29
28
39
31
21
612
23
35
22
17
15
20
28
657
17
19
18
29
24
28
20
23
982
622
31
21
19
30
30
25
34
31
953
31
20
19
14
22
15
20
23
35
1576
21
32
32
24
46
30
23
29
22
15
33
31
30
33
13
39
18
29
1772
21
18
27
30
28
24
11
25
17
20
20
451
24
14
33
31
22
14
19
19
24
1048
16
22
35
31
18
23
19
40
29
50
47
45
22
31
35
651
48
14
22
12
6
14
18
31
1108
21
17
17
21
19
13
20
15
27
17
28
17
29
26
26
24
27
33
2856
23
20
48
20
24
22
20
28
22
1002
33
30
18
15
22
22
16
20
20
1050
26
22
20
15
27
21
19
21
26
1053
25
25
20
17
23
25
18
26
17
3516
22
24
28
6
22
16
27
18
24
1064
25
40
24
27
12
17
15
24
25
3486
17
625
21
20
22
29
22
14
15
18
19
532
19
13
19
15
13
19
15
27
11
15
17
17
15
14
18
17
19
1035
23
20
17
16
14
16
19
21
16
3552
23
28
22
34
12
20
17
16
18
1048
15
25
18
19
16
14
16
15
17
